time_limit_c=0.10
time_limit_java=0.10
time_limit_python=0.10
C=([0.002168, 0.001821],[0.033257999999999996, 0.030362],[0.764184, 0.753345])
Java=([],[],[])
Python=([],[],[])
