time_limit_c=0.80
time_limit_java=0.60
time_limit_python=0.80
C=([0.0015689999999999999, 0.00116],[0.260875, 0.25992099999999996],[4.356733999999999, 4.386023000000001])
Java=([],[],[])
Python=([],[],[])
