time_limit_c=0.40
time_limit_java=0.30
time_limit_python=0.40
C=([0.001401, 0.001219],[0.10335099999999998, 0.103571],[2.104304, 2.120053])
Java=([],[],[])
Python=([],[],[])
