time_limit_c=0.40
time_limit_java=0.30
time_limit_python=0.40
C=([0.0012159999999999999],[0.130674],[1.9152679999999997])
Java=([],[],[])
Python=([],[],[])
