time_limit_c=0.10
time_limit_java=0.10
time_limit_python=0.10
C=([0.001015, 0.00081],[0.026293999999999998, 0.019506],[0.49618400000000007, 0.4780409999999999])
Java=([],[],[])
Python=([],[],[])
