time_limit_c=0.10
time_limit_java=0.10
time_limit_python=0.10
C=([0.0009289999999999999],[0.001042],[0.006867999999999999])
Java=([],[],[])
Python=([],[],[])
