time_limit_c=0.60
time_limit_java=0.60
time_limit_python=0.60
C=([0.0049499999999999995, 0.000928, 0.000983],[0.332133, 0.387159, 0.008572],[2.162372, 2.512785, 0.09294699999999999])
Java=([],[],[])
Python=([],[],[])
