time_limit_c=2.90
time_limit_java=2.90
time_limit_python=2.90
C=([0.004946, 0.0009739999999999999],[1.9022000000000001, 0.45889199999999997],[12.034048, 2.9036839999999997])
Java=([],[],[])
Python=([],[],[])
