time_limit_c=0.60
time_limit_java=0.40
time_limit_python=0.60
C=([0.00299],[0.18473599999999998],[1.175005])
Java=([],[],[])
Python=([],[],[])
