time_limit_c=0.60
time_limit_java=0.40
time_limit_python=0.60
C=([0.001582],[0.17010999999999998],[1.0977739999999998])
Java=([],[],[])
Python=([],[],[])
