time_limit_c=0.60
time_limit_java=0.40
time_limit_python=0.60
C=([0.001597],[0.17024799999999998],[1.0944699999999998])
Java=([],[],[])
Python=([],[],[])
