time_limit_c=0.60
time_limit_java=0.40
time_limit_python=0.60
C=([0.001921],[0.1714],[1.1104109999999996])
Java=([],[],[])
Python=([],[],[])
