time_limit_c=0.40
time_limit_java=0.30
time_limit_python=0.40
C=([0.005016, 0.0027489999999999997],[0.11419599999999999, 0.13144399999999998],[0.22386099999999998, 0.23573])
Java=([],[],[])
Python=([],[],[])
