time_limit_c=0.10
time_limit_java=0.10
time_limit_python=0.10
C=([0.001099, 0.001073, 0.001121],[0.004344, 0.001536, 0.001379],[0.036145, 0.025514000000000002, 0.026629999999999997])
Java=([],[],[])
Python=([],[],[])
