time_limit_c=0.10
time_limit_java=0.10
time_limit_python=0.10
C=([0.001898, 0.0055969999999999995],[0.0024029999999999998, 0.006534],[0.04446, 0.127423])
Java=([],[],[])
Python=([],[],[])
