time_limit_c=3.00
time_limit_java=2.00
time_limit_python=3.00
C=([0.001216],[0.983471],[16.286199000000003])
Java=([],[],[])
Python=([],[],[])
