time_limit_c=0.10
time_limit_java=0.10
time_limit_python=0.20
C=([0.0009609999999999999, 0.000998],[0.003034, 0.003315],[0.18978699999999996, 0.19996200000000003])
Java=([],[],[])
Python=([0.015573],[0.044577],[1.6851089999999993])
