time_limit_c=0.10
time_limit_java=0.10
time_limit_python=0.10
C=([0.000983, 0.0009739999999999999],[0.004481, 0.005908],[0.23450999999999994, 0.21609999999999993])
Java=([],[],[])
Python=([0.015858],[0.032587],[1.8877440000000008])
