time_limit_c=0.10
time_limit_java=0.10
time_limit_python=0.10
C=([0.002031],[0.003058],[0.23737199999999994])
Java=([],[],[])
Python=([],[],[])
