time_limit_c=0.10
time_limit_java=0.10
time_limit_python=0.10
C=([0.000839, 0.001267],[0.002865, 0.0027619999999999997],[0.21599799999999983, 0.13669099999999998])
Java=([],[],[])
Python=([0.015674],[0.023847],[1.6476499999999996])
