time_limit_c=0.10
time_limit_java=0.10
time_limit_python=0.10
C=([0.001243, 0.0009729999999999999],[0.042763999999999996, 0.008343],[0.17197700000000002, 0.08088999999999999])
Java=([],[],[])
Python=([],[],[])
