time_limit_c=0.10
time_limit_java=0.10
time_limit_python=0.10
C=([0.000968, 0.001008],[0.038521, 0.008734],[0.165797, 0.079242])
Java=([],[],[])
Python=([],[],[])
