time_limit_c=0.10
time_limit_java=0.10
time_limit_python=0.10
C=([0.0012109999999999998],[0.027339999999999996],[0.107533])
Java=([],[],[])
Python=([],[],[])
