time_limit_c=0.10
time_limit_java=0.10
time_limit_python=0.10
C=([0.000839, 0.0008179999999999999],[0.011843999999999999, 0.0063549999999999995],[0.10375200000000001, 0.054082000000000005])
Java=([],[],[])
Python=([],[],[])
