time_limit_c=0.10
time_limit_java=0.10
time_limit_python=0.10
C=([0.000896, 0.001397],[0.011739, 0.010173],[0.10932599999999999, 0.089393])
Java=([],[],[])
Python=([],[],[])
