time_limit_c=0.10
time_limit_java=0.10
time_limit_python=0.10
C=([0.000843, 0.00081],[0.019103, 0.019119999999999998],[0.169378, 0.151197])
Java=([],[],[])
Python=([],[],[])
