time_limit_c=0.10
time_limit_java=0.10
time_limit_python=0.10
C=([0.001201, 0.0013319999999999999],[0.024668999999999996, 0.012381],[0.147676, 0.085946])
Java=([],[],[])
Python=([],[],[])
