time_limit_c=0.10
time_limit_java=0.10
time_limit_python=0.10
C=([0.000828],[0.009621999999999999],[0.068826])
Java=([],[],[])
Python=([],[],[])
