time_limit_c=0.10
time_limit_java=0.10
time_limit_python=0.10
C=([0.001022, 0.0009159999999999999],[0.022011, 0.021598],[0.15776099999999998, 0.16417500000000002])
Java=([],[],[])
Python=([],[],[])
