time_limit_c=0.10
time_limit_java=0.10
time_limit_python=0.10
C=([0.000783],[0.00586],[0.058164999999999994])
Java=([],[],[])
Python=([],[],[])
