time_limit_c=0.70
time_limit_java=0.70
time_limit_python=0.70
C=([0.001127, 0.000972],[0.432718, 0.130694],[0.955886, 0.427184])
Java=([],[],[])
Python=([],[],[])
