time_limit_c=0.40
time_limit_java=0.30
time_limit_python=0.40
C=([0.001008],[0.12858],[0.35643199999999997])
Java=([],[],[])
Python=([],[],[])
