time_limit_c=0.30
time_limit_java=0.30
time_limit_python=0.30
C=([0.009994, 0.009925, 0.000886],[0.06788899999999999, 0.067905, 0.165871],[0.685305, 0.709657, 1.68166])
Java=([],[],[])
Python=([],[],[])
