time_limit_c=0.30
time_limit_java=0.30
time_limit_python=0.30
C=([0.010079999999999999, 0.010274, 0.000922],[0.067773, 0.080491, 0.174145],[0.6898150000000001, 0.7357959999999998, 1.7648279999999998])
Java=([],[],[])
Python=([],[],[])
