time_limit_c=1.20
time_limit_java=1.20
time_limit_python=1.20
C=([0.01053, 0.011657999999999998, 0.001967],[0.22194699999999998, 0.24632199999999999, 0.768404],[2.6356520000000008, 3.198207, 8.274834])
Java=([],[],[])
Python=([],[],[])
