time_limit_c=0.30
time_limit_java=0.30
time_limit_python=0.30
C=([0.010062999999999999, 0.0103, 0.0009379999999999999],[0.068899, 0.06884599999999999, 0.171759],[0.6945819999999999, 0.7305199999999998, 1.7247559999999997])
Java=([],[],[])
Python=([],[],[])
