time_limit_c=0.90
time_limit_java=0.90
time_limit_python=0.90
C=([0.011356, 0.018380999999999998, 0.010844999999999999, 0.000906],[0.175401, 0.49306, 0.20729499999999998, 0.592647],[2.4795109999999996, 5.525692999999999, 2.6672070000000003, 7.133637000000001])
Java=([],[],[])
Python=([],[],[])
