time_limit_c=0.90
time_limit_java=0.90
time_limit_python=0.90
C=([0.010674, 0.010768, 0.000949],[0.18972799999999998, 0.203977, 0.594495],[2.3756730000000004, 2.578472, 7.020506999999999])
Java=([],[],[])
Python=([],[],[])
