time_limit_c=0.30
time_limit_java=0.30
time_limit_python=0.30
C=([0.010081, 0.010169999999999998, 0.0008759999999999999],[0.10990799999999999, 0.069271, 0.16730399999999998],[0.73299, 0.7210319999999999, 1.6873409999999998])
Java=([],[],[])
Python=([],[],[])
