time_limit_c=0.10
time_limit_java=0.10
time_limit_python=0.10
C=([0.0009149999999999999],[0.025335999999999997],[0.147972])
Java=([],[],[])
Python=([],[],[])
