time_limit_c=0.20
time_limit_java=0.20
time_limit_python=0.20
C=([0.001593, 0.061921, 0.001255],[0.041891, 0.11289199999999999, 0.057451999999999996],[0.278423, 1.5231579999999998, 0.22984800000000002])
Java=([],[],[])
Python=([],[],[])
