time_limit_c=0.20
time_limit_java=0.10
time_limit_python=0.20
C=([0.0009209999999999999],[0.033708999999999996],[0.189722])
Java=([],[],[])
Python=([],[],[])
