time_limit_c=0.60
time_limit_java=0.40
time_limit_python=0.60
C=([0.0011459999999999999],[0.19836399999999998],[1.1076279999999998])
Java=([],[],[])
Python=([],[],[])
