time_limit_c=0.40
time_limit_java=0.30
time_limit_python=0.40
C=([0.022791, 0.030378, 0.023821999999999996],[0.111817, 0.14978399999999997, 0.118005],[3.291001000000001, 3.1241169999999996, 3.382074])
Java=([],[],[])
Python=([],[],[])
