time_limit_c=0.10
time_limit_java=0.10
time_limit_python=0.10
C=([0.001009, 0.0009559999999999999, 0.001031],[0.008883, 0.010258, 0.008494999999999999],[0.19363199999999994, 0.2050080000000001, 0.19407899999999995])
Java=([],[],[])
Python=([],[],[])
