time_limit_c=0.10
time_limit_java=0.10
time_limit_python=0.10
C=([0.0010559999999999999, 0.000976, 0.0009549999999999999],[0.008058, 0.008522, 0.007698],[0.165643, 0.17795299999999997, 0.15563300000000002])
Java=([],[],[])
Python=([],[],[])
