time_limit_c=0.10
time_limit_java=0.10
time_limit_python=0.10
C=([0.000968, 0.001209, 0.0010199999999999999],[0.009405, 0.013826, 0.011262],[0.20074200000000003, 0.282144, 0.23671100000000003])
Java=([],[],[])
Python=([],[],[])
