time_limit_c=0.40
time_limit_java=0.30
time_limit_python=0.40
C=([0.0012799999999999999, 0.001075],[0.132563, 0.12162899999999999],[0.552576, 0.5021])
Java=([],[],[])
Python=([],[],[])
