time_limit_c=0.20
time_limit_java=0.20
time_limit_python=0.20
C=([0.0008349999999999999, 0.0008619999999999999],[0.0658, 0.075751],[0.276273, 0.314693])
Java=([],[],[])
Python=([],[],[])
