time_limit_c=0.20
time_limit_java=0.10
time_limit_python=0.20
C=([0.001223, 0.00115],[0.05545099999999999, 0.043848],[0.24777500000000002, 0.194324])
Java=([],[],[])
Python=([],[],[])
