time_limit_c=0.20
time_limit_java=0.10
time_limit_python=0.20
C=([0.001174, 0.001145],[0.055203999999999996, 0.043148],[0.236653, 0.18939399999999998])
Java=([],[],[])
Python=([],[],[])
