time_limit_c=0.40
time_limit_java=0.30
time_limit_python=0.40
C=([0.005484],[0.12089799999999999],[1.3818949999999999])
Java=([],[],[])
Python=([],[],[])
